First Simulation:
ANA_KEFF = 0.999025 0.00126
FWD_ANA_BETA_ZERO = 3.33690E-03 0.01715
ADJ_IFP_ANA_BETA_EFF = 2.39197E-03 0.11569
ADJ_IFP_GEN_TIME = 9.66762E-07 0.01528


Keff = 1:
ANA_KEFF = 0.999025 0.00126
FWD_ANA_BETA_ZERO = 3.33690E-03 0.01715
ADJ_IFP_ANA_BETA_EFF = 2.39197E-03 0.11569
ADJ_IFP_GEN_TIME = 9.66762E-07 0.01528


Keff = 1 | Density:
ANA_KEFF = 0.991269 0.00131
FWD_ANA_BETA_ZERO = 3.32834E-03 0.01785
ADJ_IFP_ANA_BETA_EFF = 2.86353E-03 0.11800
ADJ_IFP_GEN_TIME = 1.01475E-06 0.01586


Keff = 1 | Temperature:
ANA_KEFF = 0.99076 0.00133
FWD_ANA_BETA_ZERO = 3.30366E-03 0.01851
ADJ_IFP_ANA_BETA_EFF = 2.78609E-03 0.12020
ADJ_IFP_GEN_TIME = 9.33224E-07 0.01536


Th and U values for Keff = 1:
