First Simulation:
ANA_KEFF = 1.00024 0.00357
FWD_ANA_BETA_ZERO = 0.0033925 0.0479
ADJ_IFP_ANA_BETA_EFF = 0.00443226 0.27698
ADJ_IFP_GEN_TIME = 9.3645e-07 0.04522


Keff = 1:
ANA_KEFF = 1.00261 0.00344
FWD_ANA_BETA_ZERO = 0.00356267 0.05398
ADJ_IFP_ANA_BETA_EFF = 0.00299501 0.28551
ADJ_IFP_GEN_TIME = 9.28723e-07 0.04447


Keff = 1 | Density:
ANA_KEFF = 0.991269 0.00131
FWD_ANA_BETA_ZERO = 0.00332834 0.01785
ADJ_IFP_ANA_BETA_EFF = 0.00286353 0.118
ADJ_IFP_GEN_TIME = 1.01475e-06 0.01586


Keff = 1 | Temperature:
ANA_KEFF = 0.983144 0.00554
FWD_ANA_BETA_ZERO = 0.00350689 0.06976
ADJ_IFP_ANA_BETA_EFF = 0.00106735 0.52502
ADJ_IFP_GEN_TIME = 8.84541e-07 0.08372


Th and U values for Keff = 1:
Th = 19.899
U  = 2.601
